  4896.0     22.0    116.0   1018.0     -2.0     -1.0     -1.0
135592.0     12.0    119.0   1011.0     -2.0      0.0     -2.0
241248.0     10.0    112.0    994.0     -2.0     -4.0      0.0
346984.0     23.0    113.0    998.0     -1.0      3.0     -2.0
452732.0     24.0    117.0    984.0     -3.0     -4.0     -1.0
558424.0     24.0    112.0   1042.0     -4.0      0.0     -3.0
664172.0     20.0    116.0    991.0     -1.0     -5.0     -1.0
769884.0     29.0    116.0   1006.0      5.0      0.0      2.0
875616.0     18.0    126.0    990.0      1.0      1.0     -1.0
984136.0     45.0    113.0    971.0      6.0      1.0      2.0
1089884.0     45.0    151.0   1007.0     14.0      4.0     -1.0
1195668.0    -14.0    281.0    955.0     39.0    -10.0     17.0
1301436.0     31.0    306.0    913.0     46.0     12.0     11.0
1407212.0     15.0    430.0    964.0     42.0     15.0      3.0
1512980.0    -11.0    538.0    789.0     80.0      3.0     13.0
1618772.0    -33.0    564.0    798.0     83.0     23.0      5.0
1727144.0    -42.0    721.0    723.0     76.0      2.0     -8.0
1832908.0    -93.0    885.0    517.0     72.0     -3.0     -1.0
1938676.0    -86.0    909.0    425.0     88.0      7.0      1.0
2044448.0    -70.0    939.0    292.0     89.0      8.0      6.0
2150188.0    -38.0    968.0    121.0     91.0      1.0     -1.0
2255972.0    -89.0    999.0    -92.0    127.0    -17.0     -3.0
2361744.0   -148.0    941.0   -280.0     63.0     -7.0    -14.0
2467508.0    -97.0    905.0   -351.0     47.0     -3.0     -6.0
2575872.0    -94.0    849.0   -440.0     73.0     -1.0      2.0
2681652.0   -111.0    794.0   -600.0     78.0     -6.0      5.0
2787424.0   -102.0    684.0   -706.0     85.0      2.0      8.0
2893192.0    -75.0    578.0   -803.0     80.0     -1.0      8.0
2998956.0    -71.0    459.0   -852.0     78.0     -1.0      6.0
3104732.0   -103.0    327.0   -902.0     70.0     -2.0      5.0
3210508.0    -42.0    236.0   -954.0     82.0      2.0     16.0
3316248.0    -60.0    -34.0   -954.0     83.0      1.0      6.0
3424620.0    -21.0   -109.0  -1037.0     53.0    -12.0     15.0
3530416.0    -99.0   -172.0   -967.0    -16.0      5.0      7.0
3636212.0    -55.0    -99.0   -985.0    -13.0      6.0     -9.0
3741992.0    -80.0    -84.0   -943.0    -13.0      8.0     -2.0
3847776.0    -64.0    -77.0   -957.0     -7.0     -8.0    -14.0
3953560.0    -53.0    -48.0   -998.0     -3.0     -6.0     -4.0
4059320.0    -42.0    -66.0   -971.0      2.0     -2.0      1.0
4165040.0    -64.0    -84.0   -965.0     -1.0      0.0      3.0
4273368.0    -54.0    -82.0   -970.0     -6.0      2.0      0.0
4379096.0    -57.0    -66.0   -982.0     -1.0     -1.0      0.0
4484856.0    -62.0    -71.0   -992.0     -2.0     -1.0     -2.0
4590588.0    -73.0    -59.0   -983.0      0.0     -7.0     -4.0
4696360.0    -38.0    -48.0  -1032.0    -21.0      2.0    -31.0
4802148.0    -47.0    -11.0  -1001.0    -14.0      8.0    -45.0
4907868.0    -57.0     13.0   -961.0    -17.0      0.0    -45.0
5013656.0    -49.0     12.0   -983.0    -35.0     14.0    -68.0
5122024.0     18.0     96.0  -1034.0    -18.0     -9.0    -66.0
5227780.0     -1.0    108.0  -1077.0    -33.0    -15.0   -108.0
5333560.0    -79.0    134.0   -953.0      9.0     35.0    -28.0
5439340.0    -89.0    118.0   -877.0    -32.0     17.0    -76.0
5545124.0    -40.0    193.0   -943.0    -12.0     14.0   -104.0
5650904.0    -84.0    133.0   -931.0     13.0      4.0    -79.0
5756676.0     70.0    123.0  -1016.0     -8.0    -10.0   -105.0
5862464.0    -55.0     99.0  -1011.0     12.0    -56.0   -193.0
5970864.0   -278.0     77.0   -983.0      7.0     -4.0    -27.0
6076640.0   -179.0     51.0   -993.0     -1.0     26.0     36.0
6182404.0    -70.0     85.0  -1016.0      7.0     21.0     23.0
6288128.0   -112.0     84.0   -968.0     -1.0      4.0      0.0
6393920.0   -106.0     87.0   -959.0      3.0      2.0      3.0
6499676.0    -92.0     76.0   -973.0      4.0     -1.0      5.0
6605456.0    -93.0     60.0  -1006.0      5.0      4.0      3.0
6711220.0    -69.0     66.0   -980.0      2.0      4.0      4.0
6819508.0    -81.0     63.0   -986.0      7.0      3.0      3.0
6925260.0    -85.0     48.0   -974.0     -2.0      1.0      1.0
7031016.0    -91.0     67.0   -970.0      1.0     -2.0      5.0
7136784.0    -94.0     43.0   -958.0     -1.0     -2.0      5.0
7242572.0    -79.0     10.0   -953.0      3.0     -2.0      5.0
7348328.0   -100.0     38.0   -968.0     -1.0     -8.0      2.0
7454096.0    -59.0     58.0   -990.0     -9.0     -7.0     -1.0
7559876.0    -59.0     38.0   -979.0     -3.0     -2.0      6.0
7668772.0    -95.0     27.0   -972.0     -3.0     -2.0      2.0
7774560.0    -82.0     75.0   -998.0     -3.0      2.0     -6.0
7880336.0    -78.0     61.0   -978.0     -2.0      1.0     -5.0
7986108.0    -89.0     65.0   -953.0     -3.0     -1.0      1.0
8091896.0    -80.0     50.0   -972.0     -5.0     -4.0      2.0
8197664.0    -52.0     40.0   -981.0     -9.0      4.0     -1.0
8303448.0    -56.0     69.0   -966.0     -9.0     -6.0     -4.0
8411648.0    -80.0     96.0   -983.0     -9.0     -5.0     -4.0
8517420.0    -65.0     95.0   -983.0     -7.0     11.0     -8.0
8623176.0    -86.0    117.0   -987.0    -12.0      5.0     -4.0
8728948.0    -48.0    142.0   -966.0     -7.0      2.0     -4.0
8834700.0    -59.0    142.0   -922.0     -1.0     -1.0     -2.0
8940468.0    -48.0    134.0   -995.0      5.0     -4.0      4.0
9046240.0    -44.0    110.0   -989.0      3.0     -1.0      8.0
9151992.0    -44.0    112.0   -969.0      5.0     -1.0      7.0
9260188.0    -28.0     90.0   -968.0     -2.0     -2.0      2.0
9365968.0    -30.0     94.0   -996.0      5.0     -2.0      4.0
9471768.0    -36.0     87.0   -986.0     -4.0     -2.0     -4.0
9577480.0    -23.0     80.0   -990.0     -2.0      1.0      0.0
9683236.0    -39.0     85.0   -970.0     -1.0     -1.0     -2.0
9788976.0    -42.0     61.0   -962.0      2.0     -1.0      1.0
9894728.0    -51.0     80.0   -989.0     -2.0     -1.0      1.0
10000480.0    -32.0     73.0   -977.0     -1.0     -3.0     -1.0
10109268.0    -59.0     66.0   -993.0     -1.0      1.0      1.0
10215668.0    -49.0     72.0  -1003.0     -2.0      2.0      2.0
10322004.0    -51.0     70.0   -974.0     -2.0      0.0     -3.0
10428376.0    -37.0     77.0   -977.0      1.0      1.0     -2.0
10534760.0    -40.0     75.0   -980.0     -2.0     -1.0     -1.0
10641164.0    -47.0     60.0  -1005.0      0.0      0.0      0.0
10747500.0    -42.0     56.0   -985.0      0.0      3.0      1.0
10853884.0    -46.0     50.0   -975.0      1.0      2.0      2.0
10962712.0    -33.0     53.0   -972.0     -2.0     -3.0     -2.0
11069064.0    -21.0     40.0   -998.0     -3.0     -1.0      0.0
11175480.0    -36.0     49.0   -966.0     -3.0     -3.0     -2.0
11281792.0    -42.0     44.0   -972.0      0.0      0.0      1.0
11388108.0    -13.0     49.0   -989.0      0.0      0.0     -4.0
11494468.0    -41.0     39.0   -968.0     -2.0      1.0     -1.0
11600740.0    -42.0     42.0   -971.0      0.0      0.0      0.0
11707104.0    -11.0     41.0   -975.0      0.0     -1.0     -1.0
11815828.0    -23.0     41.0   -969.0      0.0      0.0     -4.0
11922168.0    -27.0     43.0   -977.0     -1.0     -2.0      0.0
12028424.0    -25.0     43.0   -992.0      0.0      0.0      0.0
12134756.0    -20.0     43.0   -987.0      0.0      1.0     -1.0
12241100.0    -27.0     42.0   -976.0     -1.0     -1.0      0.0
12347480.0    -28.0     34.0   -983.0     -3.0     -2.0     -1.0
12453884.0    -27.0     36.0   -985.0     -2.0     -3.0     -2.0
12562664.0    -22.0     38.0   -967.0      0.0      1.0     -2.0
12669016.0    -19.0     38.0   -984.0     -2.0      1.0      0.0
12775364.0    -34.0     16.0   -959.0     -1.0      1.0      0.0
12881756.0    -15.0     22.0   -959.0     -1.0     -1.0     -2.0
12988092.0    -24.0     41.0   -978.0     -1.0      0.0     -1.0
13094500.0     -6.0     46.0   -980.0     -3.0     -2.0      1.0
13200792.0    -25.0     41.0   -990.0     -1.0      0.0      0.0
13307136.0      0.0     26.0   -974.0     -3.0     -1.0     -2.0
13415848.0    -23.0     37.0   -981.0     -1.0     -1.0     -1.0
13522244.0    -15.0     29.0   -962.0     -2.0     -1.0     -1.0
13628572.0    -17.0     33.0   -992.0     -1.0     -3.0      0.0
13734912.0     -9.0     41.0   -993.0     -2.0      0.0     -1.0
13841228.0    -22.0     39.0   -990.0     -2.0      0.0      0.0
13947636.0     -7.0     31.0   -981.0     -2.0     -3.0     -2.0
14053948.0     -9.0     32.0   -969.0      0.0      0.0     -2.0
14160312.0     -9.0     41.0   -987.0     -1.0      0.0     -2.0
14269488.0     -6.0     27.0   -991.0     -2.0     -2.0      1.0
14375876.0    -14.0     24.0   -982.0     -2.0      1.0      1.0
14482204.0    -16.0     27.0   -982.0      0.0      1.0     -1.0
14588504.0     -6.0     36.0   -979.0      0.0     -1.0      0.0
14694856.0      0.0     46.0   -989.0     -2.0      1.0     -3.0
14801216.0    -13.0     36.0   -988.0     -3.0     -2.0      0.0
14907576.0      9.0     34.0   -994.0     -1.0     -1.0     -1.0
15013948.0    -22.0     29.0   -980.0     -2.0     -1.0     -1.0
15122880.0      0.0     21.0   -972.0     -2.0     -1.0     -1.0
15229228.0      0.0     31.0   -994.0     -2.0     -2.0     -2.0
15335580.0    -12.0     42.0   -985.0     -2.0     -2.0      0.0
15441952.0    -10.0     32.0   -980.0     -3.0      1.0     -1.0
15548296.0     -1.0     31.0   -992.0      2.0     -1.0      0.0
15654656.0      8.0     35.0  -1002.0     -2.0      0.0     -2.0
15761032.0    -21.0     28.0   -961.0     -2.0     -1.0      0.0
15869956.0      5.0     36.0  -1012.0     -1.0     -1.0     -2.0
15976324.0     -2.0     28.0   -965.0     -3.0      0.0     -2.0
16082688.0     -4.0     33.0   -979.0     -3.0     -3.0      0.0
16189088.0      4.0     26.0   -988.0     -3.0     -1.0     -2.0
16295448.0    -24.0     27.0   -971.0     -2.0     -1.0      0.0
16401836.0     12.0     43.0   -995.0     -1.0     -2.0     -1.0
16508236.0     -5.0     33.0   -987.0     -2.0     -1.0     -1.0
16614564.0      0.0     29.0   -963.0     -1.0     -2.0     -1.0
16723532.0     -7.0     30.0   -991.0     -3.0      1.0     -1.0
16829852.0    -12.0     30.0   -979.0     -4.0      0.0      0.0
16936192.0     11.0     43.0   -988.0     -2.0     -1.0      0.0
17042536.0     -4.0     41.0   -992.0     -1.0      0.0     -2.0
17148880.0      2.0     28.0   -986.0     -2.0      0.0     -1.0
17255248.0      3.0     34.0   -967.0     -2.0      0.0     -2.0
17361628.0      5.0     38.0   -988.0     -1.0     -1.0     -1.0
17467992.0      4.0     32.0   -978.0     -2.0     -2.0      0.0
17576960.0     14.0     41.0   -986.0      1.0     -4.0     -1.0
17683356.0     13.0     33.0   -983.0     -2.0     -3.0     -1.0
17789668.0      3.0     39.0   -990.0     -3.0      0.0      0.0
17896076.0     -3.0     26.0   -978.0     -4.0     -1.0      1.0
18002432.0     13.0     22.0   -975.0     -3.0      0.0     -1.0
18108780.0     -2.0     37.0   -973.0     -3.0      0.0     -1.0
18215132.0     -2.0     34.0   -974.0      0.0     -3.0      1.0
18321404.0     13.0     36.0  -1001.0     -3.0      0.0      0.0
18430352.0    -17.0     32.0   -963.0     -3.0      0.0      1.0
18536724.0     17.0     25.0   -978.0     -1.0     -2.0     -1.0
18643104.0     -1.0     31.0   -982.0     -1.0     -1.0     -2.0
18749376.0      0.0     26.0   -976.0      0.0     -2.0     -1.0
18855712.0     11.0     33.0  -1004.0     -1.0      0.0     -3.0
18962088.0     -2.0     20.0   -962.0     -1.0      3.0     -1.0
19068436.0     16.0     31.0   -996.0      1.0      0.0     -1.0
19174832.0      5.0     26.0   -972.0     -1.0     -1.0     -2.0
19283784.0      4.0      9.0   -959.0     -2.0     -2.0      1.0
19390168.0     24.0     23.0   -974.0     -2.0      0.0     -3.0
19496444.0      0.0     25.0   -980.0     -3.0      0.0      0.0
19602852.0     26.0     16.0   -965.0     -1.0     -3.0     -2.0
19709232.0     14.0     31.0   -986.0     -3.0     -1.0     -1.0
19815568.0     13.0     33.0   -988.0     -1.0      0.0      1.0
19921932.0     14.0     22.0   -963.0     -2.0      1.0      0.0
